718
846
850
1080
1081
1083
1084
1085
1103
1381
1617
1627
1628
1671
1721
1735
1737
1786
1787
1867
1901
1925
1938
1964
2065
2066
2067
2073
2074
2075
2084
2172
2173
2198
2199
2200
2201
2202
2203
2204
2205
2216
2217
2218
2219
2220
2221
2222
2223
2224
2225
2412
2425
2554
2555
2615
2616
2663
2810
2811
2917
2997
2998
3227
3229
3235
3288
3289
3290
3291
3292
3302
3374
3653
3676
3811
4131
4222
4622
4794
4895
5016
5017
5020
5025
5027
5045
5053
5215
5217
5298
5308
5368
5535
5536
5537
5538
5629
5694
5760
5861
5869
5870
6119
6120
7552
7556
7569
7573
7575
7578
7583
7588
7590
7593
7594
7598
7599
7616
7776
7777
7883
7884
7885
8113
8248
8758
